-13,-13,0,-13,0,1643,11,-0.8,0,0,313.9,11270,3336
ADANIPORTS,350,400,0.01,1.01,1.01,0.01,True,09:20
28-09-2018,9,9,0,9,0,1479,1,0.6,2,2,1,3,3,1994,0
ADANIPORTS,0.01,0.01,1.01,True,09:20,0.03,0.5,1:1.5:2.6:4.1:6:2,1.2;1.3;1.5;2;2.2;2.4;2.7;2.8;2.9;3;3.1;3.2;3.3;3.4;3.5;3.6;3.7;3.8;3.9;4;4
04-10-2018,-11,-1,-10,-1597,1596,3359,1,-0.3,1,0,1,5,0,1277,319
ADANIPORTS,0.01,0.005,1.01,True,09:20,0.03,0.35,1:1.5:2.6:4.1:6:2,1.3;1.4;1.6;2;2.2;2.4;2.7;2.8;2.9;3;3.1;3.2;3.3;3.4;3.5;3.6;3.7;3.8;3.9;4;4
05-10-2018,-38,-38,0,-38,0,3377,4,-1.1,2,2,1,12,12,7353,0
ADANIPORTS,0.01,0.005,1.01,True,09:20,0.03,0.2,1:1:3:4:6:2,1.3;1.4;1.6;2;2.2;2.4;2.7;2.8;2.9;3;3.1;3.2;3.3;3.4;3.5;3.6;3.7;3.8;3.9;4;4
16-10-2018,36,36,0,36,0,0,5,0,0,1,1,0,9,0,3017
ADANIPORTS,0.01,0.005,1.01,False,09:30,0.03,0.2,1:1:3:4:6:2,1.3;1.5;1.4;2;2.2;2.4;2.7;2.8;2.9;3;3.1;3.2;3.3;3.4;3.5;3.6;3.7;3.8;3.9;4;4
17-10-2018,-19,-19,0,-19,0,0,0,0,1,1,1,1,1,646,0
