-84,-84,0,-84,0,658,12,-12.8,0,0,743.7,20880,1511
AMARAJABAT,800,900,0.02,1.025,1.025,0.02,False,09:00
28-09-2018,-10,-1,-9,-750,749,898,1,-1.1,1,0,1,1,0,0,749
AMARAJABAT,0.015,0.005,1.025,False,09:00,0.03,0.2,1:1.5:2.6:4.1:6:2,1.3;1.4;1.6;2;2.2;2.4;2.7;2.8;2.9;3;3.1;3.2;3.3;3.4;3.5;3.6;3.7;3.8;3.9;4;4
08-10-2018,20,20,0,20,0,1031,1,1.9,1,1,1,2,2,2847,0
AMARAJABAT,0.015,0.005,1.015,False,09:30,0.03,0.2,1:1:3:4:6:2,1.3;1.4;1.6;2;2.2;2.4;2.7;2.8;2.9;3;3.1;3.2;3.3;3.4;3.5;3.6;3.7;3.8;3.9;4;4
15-10-2018,13,13,0,13,0,0,1,0,0,1,1,0,1,0,762
AMARAJABAT,0.01,0.005,1.01,True,09:30,0.03,0.2,1:1:3:4:6:2,1.3;1.4;1.6;2;2.2;2.4;2.7;2.8;2.9;3;3.1;3.2;3.3;3.4;3.5;3.6;3.7;3.8;3.9;4;4
16-10-2018,-27,-27,0,-27,0,231,2,-11.5,2,1,1,2,2,3052,0
AMARAJABAT,0.01,0.005,1.01,False,09:30,0.03,0.2,1:1:3:4:6:2,1.3;1.5;1.4;2;2.2;2.4;2.7;2.8;2.9;3;3.1;3.2;3.3;3.4;3.5;3.6;3.7;3.8;3.9;4;4
17-10-2018,-89,-89,0,-89,0,1130,7,-7.9,2,1,5,10,10,14981,0
