97,97,0,97,0,1909,34,5.1,0,0,2314.25,62186,2164
BAJFINANCE,2500,3000,0.01,1.01,1.01,0.02,False,09:00
28-09-2018,102,102,0,102,0,7623,13,1.3,5,4,1,6,6,26162,0
BAJFINANCE,0.01,0.02,1.01,False,09:00,0.03,0.5,1:1.5:2.6:4.1:6:2,1.2;1.3;1.5;2;2.2;2.4;2.7;2.8;2.9;3;3.1;3.2;3.3;3.4;3.5;3.6;3.7;3.8;3.9;4;4
04-10-2018,36,36,0,36,0,429,6,8.5,2,2,1,2,2,6423,2164
BAJFINANCE,0.01,0.005,1.01,False,09:00,0.03,0.35,1:1.5:2.6:4.1:6:2,1.3;1.4;1.6;2;2.2;2.4;2.7;2.8;2.9;3;3.1;3.2;3.3;3.4;3.5;3.6;3.7;3.8;3.9;4;4
05-10-2018,-84,-84,0,-84,0,647,9,-13,4,3,1,4,4,17180,0
BAJFINANCE,0.01,0.005,1.01,False,09:00,0.03,0.2,1:1.5:2.6:4.1:6:2,1.3;1.4;1.6;2;2.2;2.4;2.7;2.8;2.9;3;3.1;3.2;3.3;3.4;3.5;3.6;3.7;3.8;3.9;4;4
08-10-2018,23,23,0,23,0,393,4,5.7,2,2,1,2,2,7865,0
BAJFINANCE,0.01,0.005,1.01,True,09:20,0.03,0.2,1:1:3:4:6:2,1.3;1.4;1.6;2;2.2;2.4;2.7;2.8;2.9;3;3.1;3.2;3.3;3.4;3.5;3.6;3.7;3.8;3.9;4;4
15-10-2018,20,20,0,20,0,453,2,4.5,1,1,1,1,1,4556,0
