86,86,0,86,0,1081,33,8,0,0,293.05,54294,3830
BERGEPAINT,285,310,0.005,1.005,1.01,0.005,False,09:00
21-09-2018,6,6,0,6,0,0,2,0,4,4,1,4,5,2411,304
24-09-2018,2,2,0,2,0,1192,2,0.2,3,2,1,4,4,1496,897
25-09-2018,3,3,0,3,0,0,1,0,2,1,1,3,3,1727,0
26-09-2018,-6,-1,-5,893,893,1012,1,-0.6,2,0,1,3,0,596,298
27-09-2018,0,3,-3,298,294,1247,1,0,4,3,1,4,3,1769,294
BERGEPAINT,0.005,0.005,1.01,False,09:00,0.03,0.5,1:1.5:2.6:4.1:6:2,1.2;1.3;1.5;2;2.2;2.4;2.7;2.8;2.9;3;3.1;3.2;3.3;3.4;3.5;3.6;3.7;3.8;3.9;4;4
04-10-2018,-1,4,-5,-550,554,637,1,-0.1,4,2,1,4,2,1390,277
BERGEPAINT,0.005,0.005,1.01,False,09:00,0.03,0.35,1:1.5:2.6:4.1:6:2,1.3;1.4;1.6;2;2.2;2.4;2.7;2.8;2.9;3;3.1;3.2;3.3;3.4;3.5;3.6;3.7;3.8;3.9;4;4
05-10-2018,-36,-36,0,-36,0,2147,4,-1.7,3,2,1,15,15,8098,0
BERGEPAINT,0.005,0.005,1.01,False,09:00,0.03,0.2,1:1.5:2.6:4.1:6:2,1.3;1.4;1.6;2;2.2;2.4;2.7;2.8;2.9;3;3.1;3.2;3.3;3.4;3.5;3.6;3.7;3.8;3.9;4;4
09-10-2018,3,3,0,3,0,1741,1,0.2,2,1,1,5,5,2718,0
10-10-2018,12,12,0,12,0,2010,1,0.6,1,1,1,5,5,2708,0
BERGEPAINT,0.005,0.005,1.01,False,09:20,0.03,0.2,1:1.5:2.6:4.1:6:2,1.3;1.4;1.6;2;2.2;2.4;2.7;2.8;2.9;3;3.1;3.2;3.3;3.4;3.5;3.6;3.7;3.8;3.9;4;4
12-10-2018,5,5,0,5,0,1852,1,0.3,1,1,1,2,2,1122,0
BERGEPAINT,0.005,0.005,1.0075,True,09:30,0.03,0.2,1:1:3:4:6:2,1.3;1.4;1.6;2;2.2;2.4;2.7;2.8;2.9;3;3.1;3.2;3.3;3.4;3.5;3.6;3.7;3.8;3.9;4;4
16-10-2018,17,17,0,17,0,0,3,0,0,1,1,0,6,0,1760
BERGEPAINT,0.005,0.005,1.0075,False,09:30,0.03,0.2,1:1:3:4:6:2,1.3;1.5;1.4;2;2.2;2.4;2.7;2.8;2.9;3;3.1;3.2;3.3;3.4;3.5;3.6;3.7;3.8;3.9;4;4
17-10-2018,68,68,0,68,0,1130,15,6,4,3,13,52,52,30259,0
