333,333,0,333,0,6136,54,5.4,0,0,636.55,79686,8998
BIOCON,600,700,0.01,1.01,1.01,0.01,False,09:00
28-09-2018,21,21,0,21,0,552,6,3.8,3,2,2,8,8,11102,0
BIOCON,0.01,0.01,1.01,False,09:00,0.03,0.5,1:1.5:2.6:4.1:6:2,1.2;1.3;1.5;2;2.2;2.4;2.7;2.8;2.9;3;3.1;3.2;3.3;3.4;3.5;3.6;3.7;3.8;3.9;4;4
04-10-2018,-76,-4,-72,-6918,6914,9326,4,-0.8,2,0,2,11,0,6285,629
BIOCON,0.01,0.005,1.01,False,09:00,0.03,0.35,1:1.5:2.6:4.1:6:2,1.3;1.4;1.6;2;2.2;2.4;2.7;2.8;2.9;3;3.1;3.2;3.3;3.4;3.5;3.6;3.7;3.8;3.9;4;4
05-10-2018,82,82,0,82,0,9227,9,0.9,2,2,2,15,15,18330,0
BIOCON,0.01,0.005,1.01,False,09:00,0.03,0.2,1:1.5:2.6:4.1:6:2,1.3;1.4;1.6;2;2.2;2.4;2.7;2.8;2.9;3;3.1;3.2;3.3;3.4;3.5;3.6;3.7;3.8;3.9;4;4
08-10-2018,40,40,0,40,0,9323,11,0.4,2,3,2,18,18,21418,0
09-10-2018,96,96,0,96,0,8258,11,1.2,2,1,2,18,18,21277,0
BIOCON,0.01,0.005,1.01,False,09:30,0.03,0.2,1:1:3:4:6:2,1.3;1.5;1.4;2;2.2;2.4;2.7;2.8;2.9;3;3.1;3.2;3.3;3.4;3.5;3.6;3.7;3.8;3.9;4;4
17-10-2018,98,98,0,98,0,127,13,76.6,1,2,1,1,14,1274,8369
