-1348,-1110,-239,-2363,1253,1487,53,-90.7,7,179,144.9,103629,166
DLF,185,225,0.015,1.005,1.005,0.025,False,09:00
28-09-2018,-1,2,-3,-164,166,1285,1,-0.1,4,3,1,4,3,1016,166
DLF,0.015,0.005,1.005,False,09:00,0.03,0.35,1:1.5:2.6:4.1:6:2,1.3;1.4;1.6;2;2.2;2.4;2.7;2.8;2.9;3;3.1;3.2;3.3;3.4;3.5;3.6;3.7;3.8;3.9;4;4
05-10-2018,-1207,-1207,0,-1207,0,702,10,-171.9,3,3,2,66,66,20381,0
DLF,0.015,0.005,1.005,False,09:00,0.03,0.2,1:1.5:2.6:4.1:6:2,1.3;1.4;1.6;2;2.2;2.4;2.7;2.8;2.9;3;3.1;3.2;3.3;3.4;3.5;3.6;3.7;3.8;3.9;4;4
08-10-2018,35,35,0,35,0,1859,9,1.9,3,3,2,60,60,17924,0
DLF,0.015,0.005,1.005,True,09:20,0.03,0.2,1:1.5:2.6:4.1:6:2,1.3;1.4;1.6;2;2.2;2.4;2.7;2.8;2.9;3;3.1;3.2;3.3;3.4;3.5;3.6;3.7;3.8;3.9;4;4
11-10-2018,6,6,0,6,0,1558,2,0.4,1,1,2,10,10,3058,0
DLF,0.015,0.005,1.005,False,09:20,0.03,0.2,1:1:3:4:6:2,1.3;1.5;1.4;2;2.2;2.4;2.7;2.8;2.9;3;3.1;3.2;3.3;3.4;3.5;3.6;3.7;3.8;3.9;4;4
17-10-2018,54,54,0,54,0,2030,31,2.7,8,8,25,200,200,61250,0
