35,35,0,35,0,513,6,6.9,0,0,78.5,5262,2579
FEDERALBNK,75,95,0.005,1.005,1.01,0.005,False,09:00
28-09-2018,5,5,0,5,0,351,2,1.5,4,4,1,20,20,2480,356
FEDERALBNK,0.005,0.005,1.01,False,09:00,0.03,0.5,1:1.5:2.6:4.1:6:2,1.2;1.3;1.5;2;2.2;2.4;2.7;2.8;2.9;3;3.1;3.2;3.3;3.4;3.5;3.6;3.7;3.8;3.9;4;4
04-10-2018,-6,7,-13,-749,756,2202,1,-0.3,2,1,1,22,11,2195,69
FEDERALBNK,0.005,0.005,1.01,False,09:00,0.03,0.2,1:1.5:2.6:4.1:6:2,1.3;1.4;1.6;2;2.2;2.4;2.7;2.8;2.9;3;3.1;3.2;3.3;3.4;3.5;3.6;3.7;3.8;3.9;4;4
10-10-2018,24,24,0,24,0,0,3,0,0,1,1,0,30,0,2154
FEDERALBNK,0.005,0.005,1.01,False,09:20,0.03,0.2,1:1.5:2.6:4.1:6:2,1.3;1.4;1.6;2;2.2;2.4;2.7;2.8;2.9;3;3.1;3.2;3.3;3.4;3.5;3.6;3.7;3.8;3.9;4;4
11-10-2018,2,2,0,2,0,14,0,12.2,3,3,1,3,3,427,0
FEDERALBNK,0.005,0.005,1.0075,False,09:30,0.03,0.2,1:1:3:4:6:2,1.3;1.5;1.4;2;2.2;2.4;2.7;2.8;2.9;3;3.1;3.2;3.3;3.4;3.5;3.6;3.7;3.8;3.9;4;4
17-10-2018,-3,-3,0,-3,0,0,0,0,1,1,1,1,1,160,0
