38841,38884,-42,34892,3992,13609,214,285.4,2,1995.8,1974.6,322981,35044
HDFCBANK,2000,2100,0.001,1.001,1.005,0.005,True,09:30
28-09-2018,0,0,0,0,0,0,2,0,1,1,1,1,1,3971,0
HDFCBANK,0.001,0.005,1.005,True,09:30,0.03,0.5,1:1.5:2.6:4.1:6:2,1.2;1.3;1.5;2;2.2;2.4;2.7;2.8;2.9;3;3.1;3.2;3.3;3.4;3.5;3.6;3.7;3.8;3.9;4;4
04-10-2018,-442,-17,-426,-29617,29601,32955,17,-1.3,8,0,1,15,0,27627,1973
HDFCBANK,0.001,0.01,1.005,True,09:30,0.03,0.35,1:1.5:2.6:4.1:6:2,1.3;1.4;1.6;2;2.2;2.4;2.7;2.8;2.9;3;3.1;3.2;3.3;3.4;3.5;3.6;3.7;3.8;3.9;4;4
05-10-2018,-63,-63,0,-63,0,33333,106,-0.2,10,6,1,54,54,212530,0
HDFCBANK,0.001,0.01,1.005,True,09:30,0.03,0.2,1:1.5:2.6:4.1:6:2,1.3;1.4;1.6;2;2.2;2.4;2.7;2.8;2.9;3;3.1;3.2;3.3;3.4;3.5;3.6;3.7;3.8;3.9;4;4
08-10-2018,5891,5885,7,56,5828,36597,19,16.1,3,4,1,9,9,33132,1943
09-10-2018,29081,29081,0,29081,0,0,48,0,1,2,1,2,17,7783,29132
HDFCBANK,0.001,0.01,1.005,True,09:30,0.03,0.2,1:1:3:4:6:2,1.3;1.4;1.6;2;2.2;2.4;2.7;2.8;2.9;3;3.1;3.2;3.3;3.4;3.5;3.6;3.7;3.8;3.9;4;4
15-10-2018,32,32,0,32,0,598,8,5.3,4,3,1,4,4,15960,0
HDFCBANK,0.0025,0.005,1.005,True,09:30,0.03,0.2,1:1:3:4:6:2,1.3;1.4;1.6;2;2.2;2.4;2.7;2.8;2.9;3;3.1;3.2;3.3;3.4;3.5;3.6;3.7;3.8;3.9;4;4
16-10-2018,-25,-25,0,-25,0,601,4,-4.2,2,1,1,2,2,7995,0
HDFCBANK,0.005,0.005,1.005,False,09:30,0.03,0.2,1:1:3:4:6:2,1.3;1.5;1.4;2;2.2;2.4;2.7;2.8;2.9;3;3.1;3.2;3.3;3.4;3.5;3.6;3.7;3.8;3.9;4;4
17-10-2018,3948,3991,-42,-1,3992,4790,10,82.4,2,2,2,4,4,13983,1996
