155,202,-47,-753,954,760,38,20.4,1,954.15,907.35,73103,954
IBULHSGFIN,1100,1300,0.01,1.01,1.01,0.01,False,09:20
28-09-2018,181,181,0,181,0,4007,28,4.5,7,6,1,32,32,56360,0
IBULHSGFIN,0.01,0.01,1.01,False,09:20,0.03,0.5,1:1.5:2.6:4.1:6:2,1.2;1.3;1.5;2;2.2;2.4;2.7;2.8;2.9;3;3.1;3.2;3.3;3.4;3.5;3.6;3.7;3.8;3.9;4;4
04-10-2018,8,8,0,8,0,91,1,9,1,1,1,1,1,1830,0
IBULHSGFIN,0.01,0.005,1.01,False,09:20,0.03,0.35,1:1.5:2.6:4.1:6:2,1.3;1.4;1.6;2;2.2;2.4;2.7;2.8;2.9;3;3.1;3.2;3.3;3.4;3.5;3.6;3.7;3.8;3.9;4;4
05-10-2018,9,9,0,9,0,192,1,4.5,1,1,1,1,1,1925,0
IBULHSGFIN,0.01,0.005,1.01,False,09:20,0.03,0.2,1:1.5:2.6:4.1:6:2,1.3;1.4;1.6;2;2.2;2.4;2.7;2.8;2.9;3;3.1;3.2;3.3;3.4;3.5;3.6;3.7;3.8;3.9;4;4
09-10-2018,17,17,0,17,0,0,2,0,2,2,1,2,2,3743,0
11-10-2018,8,8,0,8,0,177,1,4.5,1,1,1,1,1,1777,0
12-10-2018,31,31,0,31,0,185,2,16.7,2,2,1,2,2,3714,0
IBULHSGFIN,0.01,0.005,1.01,False,09:20,0.03,0.2,1:1:3:4:6:2,1.3;1.4;1.6;2;2.2;2.4;2.7;2.8;2.9;3;3.1;3.2;3.3;3.4;3.5;3.6;3.7;3.8;3.9;4;4
15-10-2018,-1,-1,0,-1,0,190,1,-0.5,1,1,1,1,1,1895,0
16-10-2018,-98,-51,-47,-1006,954,1240,2,-7.9,2,1,1,2,1,1859,954
