777,777,0,777,0,1355,19,57.3,0,0,673.35,19152,7259
INFY,0.005,0.005,1.005,True,09:20,0.03,0.5,1:1.5:2.6:4.1:6:2,1.2;1.3;1.5;2;2.2;2.4;2.7;2.8;2.9;3;3.1;3.2;3.3;3.4;3.5;3.6;3.7;3.8;3.9;4;4
04-10-2018,-14,-3,-11,-3569,3566,6495,2,-0.2,2,0,1,5,0,2853,713
INFY,0.005,0.005,1.005,True,09:20,0.03,0.35,1:1.5:2.6:4.1:6:2,1.3;1.4;1.6;2;2.2;2.4;2.7;2.8;2.9;3;3.1;3.2;3.3;3.4;3.5;3.6;3.7;3.8;3.9;4;4
05-10-2018,58,58,0,58,0,500,13,11.6,2,3,1,6,14,8591,5831
INFY,0.005,0.005,1.005,True,09:20,0.03,0.2,1:1.5:2.6:4.1:6:2,1.3;1.4;1.6;2;2.2;2.4;2.7;2.8;2.9;3;3.1;3.2;3.3;3.4;3.5;3.6;3.7;3.8;3.9;4;4
08-10-2018,713,714,-1,-2,715,858,1,83,1,1,1,1,1,715,715
09-10-2018,6,6,0,6,0,0,1,0,2,1,1,2,2,2838,0
10-10-2018,-1,-1,0,-1,0,141,1,-0.9,2,2,1,2,2,2818,0
11-10-2018,3,3,0,3,0,133,1,2,1,1,1,1,1,1337,0
