-257,-55,-202,-3479,3424,2338,8,-11,12,285.34,268.5,12859,561
ITC,310,330,0.005,1.005,1.01,0.005,False,09:00
28-09-2018,2,2,0,2,0,1255,1,0.2,2,2,1,2,2,1176,0
ITC,0.005,0.005,1.01,False,09:00,0.03,0.5,1:1.5:2.6:4.1:6:2,1.2;1.3;1.5;2;2.2;2.4;2.7;2.8;2.9;3;3.1;3.2;3.3;3.4;3.5;3.6;3.7;3.8;3.9;4;4
04-10-2018,-8,-1,-8,-872,871,2154,1,-0.4,1,0,1,3,0,581,290
ITC,0.005,0.005,1.01,False,09:00,0.03,0.35,1:1.5:2.6:4.1:6:2,1.3;1.4;1.6;2;2.2;2.4;2.7;2.8;2.9;3;3.1;3.2;3.3;3.4;3.5;3.6;3.7;3.8;3.9;4;4
05-10-2018,-59,-59,0,-59,0,2520,4,-2.4,3,2,1,13,13,7293,0
ITC,0.005,0.005,1.01,False,09:00,0.03,0.2,1:1.5:2.6:4.1:6:2,1.3;1.4;1.6;2;2.2;2.4;2.7;2.8;2.9;3;3.1;3.2;3.3;3.4;3.5;3.6;3.7;3.8;3.9;4;4
08-10-2018,4,4,0,4,0,2339,1,0.2,1,1,1,5,5,2723,0
09-10-2018,-15,-1,-14,-1358,1357,3424,1,-0.5,1,0,1,5,0,1086,271
