-4333,-3825,-509,-6612,2787,3344,195,-129.6,3,929,759.4,386984,0
M&M,900,1000,0.001,1.001,1.005,0.005,True,09:20
28-09-2018,0,0,0,0,0,2787,10,0,2,2,1,12,12,20642,0
M&M,0.001,0.005,1.001,True,09:20,0.03,0.5,1:1.5:2.6:4.1:6:2,1.2;1.3;1.5;2;2.2;2.4;2.7;2.8;2.9;3;3.1;3.2;3.3;3.4;3.5;3.6;3.7;3.8;3.9;4;4
04-10-2018,0,0,0,0,0,2787,12,0,1,1,1,15,15,23175,0
M&M,0.001,0.005,1.001,True,09:20,0.03,0.35,1:1.5:2.6:4.1:6:2,1.3;1.4;1.6;2;2.2;2.4;2.7;2.8;2.9;3;3.1;3.2;3.3;3.4;3.5;3.6;3.7;3.8;3.9;4;4
05-10-2018,-3826,-3826,0,-3826,0,2677,96,-142.9,13,7,1,122,122,191461,0
M&M,0.005,0.005,1.001,True,09:20,0.03,0.2,1:1.5:2.6:4.1:6:2,1.3;1.4;1.6;2;2.2;2.4;2.7;2.8;2.9;3;3.1;3.2;3.3;3.4;3.5;3.6;3.7;3.8;3.9;4;4
08-10-2018,0,0,0,0,0,4302,8,0,1,1,1,10,10,15158,0
09-10-2018,0,0,0,0,0,2787,8,0,1,1,1,10,10,15302,0
10-10-2018,1,1,0,1,0,4316,23,0,3,3,1,30,30,45544,0
M&M,0.005,0.005,1.001,True,09:30,0.03,0.2,1:1:3:4:6:2,1.3;1.4;1.6;2;2.2;2.4;2.7;2.8;2.9;3;3.1;3.2;3.3;3.4;3.5;3.6;3.7;3.8;3.9;4;4
15-10-2018,-1,-1,0,-1,0,3534,11,0,3,3,1,15,15,22310,0
M&M,0.005,0.005,1.001,False,09:30,0.03,0.2,1:1:3:4:6:2,1.3;1.5;1.4;2;2.2;2.4;2.7;2.8;2.9;3;3.1;3.2;3.3;3.4;3.5;3.6;3.7;3.8;3.9;4;4
17-10-2018,1,1,0,1,0,3558,27,0,7,7,5,35,35,53392,0
