-112,-112,0,-112,0,472,39,-23.8,0,0,1090.05,78750,0
RELIANCE,1150,1300,0.0025,1.0025,1.005,0.005,True,09:20
28-09-2018,7,7,0,7,0,375,4,1.9,2,2,1,3,3,7531,0
RELIANCE,0.0025,0.005,1.0025,True,09:20,0.03,0.5,1:1.5:2.6:4.1:6:2,1.2;1.3;1.5;2;2.2;2.4;2.7;2.8;2.9;3;3.1;3.2;3.3;3.4;3.5;3.6;3.7;3.8;3.9;4;4
04-10-2018,29,29,0,29,0,904,18,3.2,14,9,1,16,16,36499,0
RELIANCE,0.0025,0.005,1.0025,True,09:20,0.03,0.35,1:1.5:2.6:4.1:6:2,1.3;1.4;1.6;2;2.2;2.4;2.7;2.8;2.9;3;3.1;3.2;3.3;3.4;3.5;3.6;3.7;3.8;3.9;4;4
05-10-2018,-157,-157,0,-157,0,654,12,-24,11,5,1,11,11,23816,0
RELIANCE,0.0025,0.005,1.0025,True,09:20,0.03,0.2,1:1.5:2.6:4.1:6:2,1.3;1.4;1.6;2;2.2;2.4;2.7;2.8;2.9;3;3.1;3.2;3.3;3.4;3.5;3.6;3.7;3.8;3.9;4;4
08-10-2018,2,2,0,2,0,206,1,0.8,1,1,1,1,1,2059,0
09-10-2018,7,7,0,7,0,219,4,3,4,4,1,4,4,8845,0
