16,16,0,16,0,264,7,6.2,0,0,590.6,7241,1218
SUNPHARMA,600,700,0.01,1.005,1.01,0.01,True,09:00
28-09-2018,2,2,0,2,0,760,1,0.3,1,1,1,1,1,1252,0
SUNPHARMA,0.01,0.01,1.005,True,09:00,0.03,0.5,1:1.5:2.6:4.1:6:2,1.2;1.3;1.5;2;2.2;2.4;2.7;2.8;2.9;3;3.1;3.2;3.3;3.4;3.5;3.6;3.7;3.8;3.9;4;4
04-10-2018,-9,-1,-8,-607,606,728,1,-1.3,1,0,1,1,0,0,606
SUNPHARMA,0.01,0.01,1.005,True,09:00,0.03,0.35,1:1.5:2.6:4.1:6:2,1.3;1.4;1.6;2;2.2;2.4;2.7;2.8;2.9;3;3.1;3.2;3.3;3.4;3.5;3.6;3.7;3.8;3.9;4;4
05-10-2018,4,4,0,4,0,0,1,0,0,1,1,0,1,0,612
SUNPHARMA,0.01,0.01,1.005,True,09:00,0.03,0.2,1:1.5:2.6:4.1:6:2,1.3;1.4;1.6;2;2.2;2.4;2.7;2.8;2.9;3;3.1;3.2;3.3;3.4;3.5;3.6;3.7;3.8;3.9;4;4
08-10-2018,2,2,0,2,0,119,1,2,1,1,1,1,1,1190,0
09-10-2018,2,2,0,2,0,0,1,0,1,1,1,1,1,1203,0
10-10-2018,5,5,0,5,0,121,1,3.9,2,2,1,2,2,2422,0
SUNPHARMA,0.01,0.01,1.005,True,09:20,0.03,0.2,1:1.5:2.6:4.1:6:2,1.3;1.4;1.6;2;2.2;2.4;2.7;2.8;2.9;3;3.1;3.2;3.3;3.4;3.5;3.6;3.7;3.8;3.9;4;4
12-10-2018,2,2,0,2,0,117,1,2,1,1,1,1,1,1174,0
