2640,8206,-5566,-36949,45155,34840,224,7.6,220,205.25,179.95,443353,405
TATAMOTORS,260,295,0.005,1.005,1.01,0.005,False,09:00
28-09-2018,19,19,0,19,0,9793,5,0.2,7,4,2,20,20,9007,0
TATAMOTORS,0.005,0.005,1.01,False,09:00,0.03,0.5,1:1.5:2.6:4.1:6:2,1.2;1.3;1.5;2;2.2;2.4;2.7;2.8;2.9;3;3.1;3.2;3.3;3.4;3.5;3.6;3.7;3.8;3.9;4;4
04-10-2018,45,45,0,45,0,17287,9,0.3,1,1,3,40,40,17886,0
TATAMOTORS,0.005,0.005,1.01,False,09:00,0.03,0.35,1:1.5:2.6:4.1:6:2,1.3;1.4;1.6;2;2.2;2.4;2.7;2.8;2.9;3;3.1;3.2;3.3;3.4;3.5;3.6;3.7;3.8;3.9;4;4
05-10-2018,-257,-257,0,-257,0,17957,7,-1.4,1,1,3,30,30,13136,0
TATAMOTORS,0.005,0.005,1.01,False,09:00,0.03,0.2,1:1.5:2.6:4.1:6:2,1.3;1.4;1.6;2;2.2;2.4;2.7;2.8;2.9;3;3.1;3.2;3.3;3.4;3.5;3.6;3.7;3.8;3.9;4;4
08-10-2018,12212,12257,-45,108,12149,30420,24,40.1,4,3,3,109,109,46598,213
09-10-2018,-1118,-15,-1103,-28771,28755,49176,15,-2.3,4,0,3,150,0,28564,192
10-10-2018,-3579,-3579,0,-3579,0,43506,45,-8.2,4,4,3,237,237,89311,0
TATAMOTORS,0.005,0.005,1.01,False,09:20,0.03,0.2,1:1.5:2.6:4.1:6:2,1.3;1.4;1.6;2;2.2;2.4;2.7;2.8;2.9;3;3.1;3.2;3.3;3.4;3.5;3.6;3.7;3.8;3.9;4;4
12-10-2018,105,105,0,105,0,47529,12,0.2,1,1,3,65,65,23855,0
TATAMOTORS,0.005,0.005,1.0075,True,09:30,0.03,0.2,1:1:3:4:6:2,1.3;1.4;1.6;2;2.2;2.4;2.7;2.8;2.9;3;3.1;3.2;3.3;3.4;3.5;3.6;3.7;3.8;3.9;4;4
16-10-2018,163,163,0,163,0,48865,37,0.3,2,2,2,200,200,74320,0
TATAMOTORS,0.005,0.005,1.0075,False,09:30,0.03,0.2,1:1:3:4:6:2,1.3;1.5;1.4;2;2.2;2.4;2.7;2.8;2.9;3;3.1;3.2;3.3;3.4;3.5;3.6;3.7;3.8;3.9;4;4
17-10-2018,-532,-532,0,-532,0,49025,70,-1.1,2,2,21,382,382,140676,0
